%YAML:1.0
calibration_time: "Thu May 30 15:38:18 2013"
image_count: 61
image_width: 640
image_height: 480
board_width: 6
board_height: 9
square_size: 1.
flags: 0
camera_matrix: !!opencv-matrix
   rows: 3
   cols: 3
   dt: d
   data: [ 6.2394591067921885e+02, 0., 3.5089531498731452e+02, 0.,
       6.2587333436165898e+02, 1.6673695547438172e+02, 0., 0., 1. ]
distortion_coefficients: !!opencv-matrix
   rows: 1
   cols: 4
   dt: d
   data: [ 4.5184306832874427e-01, -5.9270644693143071e+00,
       -3.2265519256911290e-02, 1.2232122574723166e-02 ]
avg_reprojection_error: 6.9984075410769941e-01
per_view_reprojection_errors: !!opencv-matrix
   rows: 1
   cols: 61
   dt: d
   data: [ 3.3130631623444734e-01, 2.8147859926576968e-01,
       2.6617544668692128e-01, 2.5872661449291090e-01,
       2.6919131808810765e-01, 2.6056868941695605e-01,
       2.7302918610749422e-01, 2.5946779604311343e-01,
       2.7384920473451968e-01, 3.3196908456307872e-01,
       2.8414224695276330e-01, 3.0724631415473092e-01,
       3.2564488163700811e-01, 3.4388789424189814e-01,
       3.3861287434895831e-01, 3.6109472204137733e-01,
       4.9089417634186922e-01, 6.9649420844184029e-01,
       6.0363543475115744e-01, 3.3835262722439235e-01,
       2.9150263468424481e-01, 2.6698543407298903e-01,
       2.9581635086624708e-01, 2.6449005692093458e-01,
       2.1962483723958334e-01, 2.2815506546585648e-01,
       2.5928949426721642e-01, 2.3840925428602430e-01,
       2.7673085530598956e-01, 4.0664220739293983e-01,
       2.8839365641276044e-01, 2.8989749484592015e-01,
       5.5277732566550930e-01, 2.2546895345052084e-01,
       4.7227251971209488e-01, 4.9281282778139468e-01,
       2.5908067491319442e-01, 2.4088287353515625e-01,
       2.3736317952473959e-01, 3.1697760687934029e-01,
       3.7760416666666669e-01, 5.8222170229311343e-01,
       2.1997341579861112e+00, 4.3220367431640625e+00,
       1.8332135235821759e-01, 3.0057288275824652e+00,
       3.9110898618344909e+00, 3.3997525815610534e+00,
       3.8107062445746527e+00, 4.0678287082248268e+00,
       2.9175059000651044e-01, 1.9196686921296297e-01,
       4.1604868570963544e-01, 3.6311340332031250e-01,
       7.0207157841435186e-01, 2.4562355324074073e-01,
       2.9862156620732061e-01, 2.8111097547743058e-01,
       4.0180771439163770e-01, 3.2201272469979747e-01,
       2.9679305465133105e-01 ]
