%YAML:1.0
calibration_time: "Tue 28 Jun 2011 08:14:38 PM EEST"
image_count: 40
image_width: 320
image_height: 240
board_width: 6
board_height: 8
square_size: 1.
flags: 0
camera_matrix: !!opencv-matrix
   rows: 3
   cols: 3
   dt: d
   data: [ 2.5069386142713441e+02, 0., 1.7967549062777834e+02, 0.,
       2.4868135879655094e+02, 1.2234110505975818e+02, 0., 0., 1. ]
distortion_coefficients: !!opencv-matrix
   rows: 1
   cols: 4
   dt: d
   data: [ -1.9261791263168707e-01, -3.3617519216307665e-02,
       -6.2261526099884022e-03, 7.9822489227725744e-03 ]
avg_reprojection_error: 1.0633122354745865e+00
per_view_reprojection_errors: !!opencv-matrix
   rows: 1
   cols: 40
   dt: d
   data: [ 1.6312758127848308e+00, 3.3108242352803546e-01,
       4.1416207949320477e-01, 4.6564793586730957e-01,
       1.4869393110275269e+00, 3.2998712857564289e-01,
       2.7613910039265949e-01, 3.3668804168701172e-01,
       4.0948049227396649e-01, 5.5199662844340003e-01,
       7.7042555809020996e-01, 4.7725510597229004e-01,
       5.0435988108317054e-01, 4.5830082893371582e-01,
       4.9669750531514484e-01, 5.0525681177775061e-01,
       4.9378863970438641e-01, 3.5331034660339355e-01,
       6.0263522466023767e-01, 5.0923053423563636e-01,
       3.4062472979227704e-01, 7.6145497957865393e-01,
       1.5304659207661946e+00, 6.3512198130289710e-01,
       3.6415147781372070e-01, 3.3748499552408856e-01,
       9.5581165949503577e-01, 7.0763230323791504e-01,
       2.1143369674682617e+00, 2.4910836219787598e+00,
       1.9976884524027507e+00, 8.7846565246582031e-01,
       5.9351698557535804e-01, 7.3460054397583008e-01,
       1.4513546625773113e+00, 3.9897437095642090e+00,
       5.0145875612894697e+00, 2.7698405583699542e-01,
       8.9409573872884118e-01, 5.0586240291595459e+00 ]
