%YAML:1.0
calibration_time: "Tue 28 Jun 2011 08:14:00 PM EEST"
image_count: 40
image_width: 320
image_height: 240
board_width: 6
board_height: 8
square_size: 1.
flags: 0
camera_matrix: !!opencv-matrix
   rows: 3
   cols: 3
   dt: d
   data: [ 2.8083448095464763e+02, 0., 1.6610126020178387e+02, 0.,
       2.8165708326342957e+02, 1.2404081243391180e+02, 0., 0., 1. ]
distortion_coefficients: !!opencv-matrix
   rows: 1
   cols: 4
   dt: d
   data: [ -3.1038088141879416e-01, 3.1520889840798577e-01,
       -7.1573684739504742e-03, 2.4733321352023583e-02 ]
avg_reprojection_error: 6.3731521169344585e-01
per_view_reprojection_errors: !!opencv-matrix
   rows: 1
   cols: 40
   dt: d
   data: [ 2.7134211858113605e-01, 3.0215152104695636e-01,
       3.0595604578653973e-01, 3.3961629867553711e-01,
       2.9332447052001953e-01, 2.4614524841308594e-01,
       3.4327491124471027e-01, 3.7567822138468426e-01,
       3.7517698605855304e-01, 4.2190941174825031e-01,
       4.8787959416707355e-01, 3.9263884226481122e-01,
       4.6482205390930176e-01, 3.9086333910624188e-01,
       3.7858414649963379e-01, 3.3917133013407391e-01,
       4.0995295842488605e-01, 2.5902112325032550e-01,
       4.3782154719034833e-01, 3.3365877469380695e-01,
       2.2043100992838541e-01, 4.4317611058553058e-01,
       7.1210845311482751e-01, 3.9482339223225910e-01,
       2.4987347920735678e-01, 2.4171400070190430e-01,
       8.0401325225830078e-01, 4.0461683273315430e-01,
       3.6901934941609699e-01, 8.7770350774129235e-01,
       3.9193391799926758e-01, 3.4493684768676758e-01,
       3.7227487564086914e-01, 3.4202845891316730e-01,
       3.6314312616984051e-01, 2.8409411112467446e+00,
       3.5643928845723472e+00, 2.9077529907226562e-01,
       2.2377649943033853e-01, 4.8719371159871416e+00 ]
