%YAML:1.0
calibration_time: "Thu May 30 15:36:52 2013"
image_count: 68
image_width: 640
image_height: 480
board_width: 6
board_height: 9
square_size: 1.
flags: 0
camera_matrix: !!opencv-matrix
   rows: 3
   cols: 3
   dt: d
   data: [ 4.8416688238659088e+02, 0., 3.1211868108988688e+02, 0.,
       4.8564062317972179e+02, 2.6481133484758305e+02, 0., 0., 1. ]
distortion_coefficients: !!opencv-matrix
   rows: 1
   cols: 4
   dt: d
   data: [ -2.5756569767143811e-01, 7.7234924631609481e-01,
       2.0636514831622139e-03, 3.1171577758912885e-03 ]
avg_reprojection_error: 7.0442094366534858e-01
per_view_reprojection_errors: !!opencv-matrix
   rows: 1
   cols: 68
   dt: d
   data: [ 3.3811809398509840e-01, 1.8302154541015625e-01,
       1.8503372757523148e-01, 2.0274805139612267e-01,
       1.9878076623987267e-01, 2.0359293619791666e-01,
       1.8689416956018517e-01, 1.6266773365162038e-01,
       2.1113868995949073e-01, 1.8602131031177663e-01,
       1.8975123652705439e-01, 1.7528491550021702e-01,
       2.2847210919415509e-01, 2.6442379421657985e-01,
       2.9498488814742480e-01, 3.3366733127170140e-01,
       3.5609662091290512e-01, 3.7731764051649308e-01,
       8.5177640561704282e-01, 1.3483539157443576e+00,
       2.0449716073495372e+00, 2.6097378200954862e+00,
       1.6130136560510705e-01, 2.1954724347149885e+00,
       9.8007852059823497e-01, 2.7898421110930266e-01,
       2.5911048606589987e-01, 1.9796216046368634e-01,
       1.8018807305230033e-01, 1.8137020534939235e-01,
       1.5421351680049189e-01, 1.3879394531250000e-01,
       2.2745033546730323e-01, 1.4394124348958334e-01,
       1.5589509186921297e-01, 2.2329881456163195e-01,
       1.4523287172670718e-01, 2.9822653311270253e-01,
       2.5612188268590858e-01, 2.8821705005787035e-01,
       2.6298635977285878e-01, 2.2759953251591436e-01,
       1.9598360414858218e-01, 2.5332839400679980e-01,
       1.4365471733940971e-01, 2.4419657389322916e-01,
       2.8059132893880206e-01, 1.7109934488932291e-01,
       2.0084861472800927e-01, 1.0883676034432870e+00,
       3.9033061839916088e+00, 3.6700394241898149e+00,
       3.4667776602285878e+00, 3.6095982304325811e+00,
       3.3588906747323497e+00, 1.9855908994321469e-01,
       4.4599586769386574e+00, 2.3963640001085071e+00,
       2.3600458215784142e-01, 2.5938952410662613e-01,
       2.0783007586443866e-01, 3.3660832157841436e-01,
       1.9726138644748265e-01, 1.7798021104600695e-01,
       1.6158365320276330e-01, 2.2721241138599538e-01,
       1.9402228461371529e-01, 1.7186765317563657e-01 ]
